    | Иванов      |    3       |    1972      |   90.00  |
    | Абрамович   |    1       |    1953      |  200.00  |
    | Петров      |    1       |    1950      |  195.00  |
    | Рабинович   |    2       |    1946      |  215.00  |
    | Сидоров     |    2       |    1965      |  120.00  |
    | Розенкранц  |    3       |    1960      |  125.00  |
    | Васильев    |    3       |    1961      |  140.00  |
    | Шапиро      |    1       |    1917      |  410.00  |
    | Гаврилов    |    2       |    1959      |  200.00  |
    | Хайкин      |    2       |    1952      |  300.00  |
    | Семенов     |    1       |    1959      |  130.00  |
    | Гурвич      |    3       |    1965      |  125.00  |
    | Владимиров  |    2       |    1949      |  210.00  |
    | Петренко    |    1       |    1937      |  500.00  |
    | Гвоздев     |    1       |    1920      |  100.00  |
    | Вайлдбрумия |    3       |    1951      |   90.00  |
    | Горгонер    |    2       |    1936      |  250.00  |
    | Банных      |    3       |    1954      |  210.00  |
    | Чмухин      |    2       |    1920      |  100.00  |
    | Помидорских |    1       |    1960      |  185.00  |
    | Лигерос     |    1       |    1965      |   40.00  |
